   0.0000000000000000        240.00000000000000     
   5.0000000000000003E-002   235.51398385956912     
  0.10000000000000001        231.11628822634893     
  0.15000000000000002        226.80526391287924     
  0.20000000000000001        222.57929423446166     
  0.25000000000000000        218.43679440288386     
  0.29999999999999999        214.37621093210549     
  0.34999999999999998        210.39602105568252     
  0.39999999999999997        206.49473215571214     
  0.44999999999999996        202.67088120308338     
  0.49999999999999994        198.92303420882413     
  0.54999999999999993        195.24978568633844     
  0.59999999999999998        191.64975812433246     
  0.65000000000000002        188.12160147023170     
  0.70000000000000007        184.66399262389530     
  0.75000000000000011        181.27563494143811     
  0.80000000000000016        177.95525774897396     
  0.85000000000000020        174.70161586609797     
  0.90000000000000024        171.51348913892940     
  0.95000000000000029        168.38968198253957     
   1.0000000000000002        165.32902293259352     
   1.0500000000000003        162.33036420603707     
   1.1000000000000003        159.39258127066483     
   1.1500000000000004        156.51457242340729     
   1.2000000000000004        153.69525837717930     
   1.2500000000000004        150.93358185613482     
   1.3000000000000005        148.22850719917594     
   1.3500000000000005        145.57901997156793     
   1.4000000000000006        142.98412658451426     
   1.4500000000000006        140.44285392254915     
   1.5000000000000007        137.95424897860786     
   1.5500000000000007        135.51737849663786     
   1.6000000000000008        133.13132862161680     
   1.6500000000000008        130.79520455684630     
   1.7000000000000008        128.50813022839253     
   1.7500000000000009        126.26924795654828     
   1.8000000000000009        124.07771813419305     
   1.8500000000000010        121.93271891193042     
   1.9000000000000010        119.83344588988498     
   1.9500000000000011        117.77911181604291     
   2.0000000000000009        115.76894629102320     
   2.0500000000000007        113.80219547916889     
   2.1000000000000005        111.87812182584985     
   2.1500000000000004        109.99600378087109     
   2.2000000000000002        108.15513552788306     
   2.2500000000000000        106.35482671969216     
   2.2999999999999998        104.59440221937245     
   2.3499999999999996        102.87320184708145     
   2.3999999999999995        101.19058013248484     
   2.4499999999999993        99.545906072697619     
   2.4999999999999991        97.938562895650577     
   2.5499999999999989        96.367947828793518     
   2.5999999999999988        94.833471873048495     
   2.6499999999999986        93.334559581928247     
   2.6999999999999984        91.870648845737009     
   2.7499999999999982        90.441190680772792     
   2.7999999999999980        89.045649023452029     
   2.8499999999999979        87.683500529279485     
   2.8999999999999977        86.354234376587897     
   2.9499999999999975        85.057352074973835     
   2.9999999999999973        83.792367278358014     
   3.0499999999999972        82.558805602599776     
   3.0999999999999970        81.356204447597435     
   3.1499999999999968        80.184112823807865     
   3.1999999999999966        79.042091183120121     
   3.2499999999999964        77.929711254019708     
   3.2999999999999963        76.846555880981782     
   3.3499999999999961        75.792218868032890     
   3.3999999999999959        74.766304826422754     
   3.4499999999999957        73.768429026348826     
   3.4999999999999956        72.798217252678100     
   3.5499999999999954        71.855305664612047     
   3.5999999999999952        70.939340659242063     
   3.6499999999999950        70.049978738944205     
   3.6999999999999948        69.186886382563571     
   3.7499999999999947        68.349739920339943     
   3.7999999999999945        67.538225412527837     
   3.8499999999999943        66.752038531665406     
   3.8999999999999941        65.990884448448071     
   3.9499999999999940        65.254477721164093     
   3.9999999999999938        64.542542188650557     
   4.0499999999999936        63.854810866729700     
   4.0999999999999934        63.191025848086731     
   4.1499999999999932        62.550938205551539     
   4.1999999999999931        61.934307898748088     
   4.2499999999999929        61.340903684076473     
   4.2999999999999927        60.770503027993847     
   4.3499999999999925        60.222892023561727     
   4.3999999999999924        59.697865310228394     
   4.4499999999999922        59.195225996816269     
   4.4999999999999920        58.714785587685412     
   4.5499999999999918        58.256363912045444     
   4.5999999999999917        57.819789056389396     
   4.6499999999999915        57.404897300024111     
   4.6999999999999913        57.011533053673077     
   4.7499999999999911        56.639548801128619     
   4.7999999999999909        56.288805043931589     
   4.8499999999999908        55.959170249057799     
   4.8999999999999906        55.650520799591611     
   4.9499999999999904        55.362740948368135     
   4.9999999999999902        55.095722774566674     
   5.0499999999999901        54.849366143239166     
   5.0999999999999899        54.623578667758402     
   5.1499999999999897        54.418275675171941     
   5.1999999999999895        54.233380174448769     
   5.2499999999999893        54.068822827606773     
   5.2999999999999892        53.924541923710166     
   5.3499999999999890        53.800483355727160     
   5.3999999999999888        53.696600600239208     
   5.4499999999999886        53.612854699994166     
   5.4999999999999885        53.549214249296881     
   5.5499999999999883        53.505655382231659     
   5.5999999999999881        53.482161763712298     
   5.6499999999999879        53.478724583356218     
   5.6999999999999877        53.495342552180475     
   5.7499999999999876        53.532021902118366     
   5.7999999999999874        53.588776388356486     
   5.8499999999999872        53.665627294493085     
   5.8999999999999870        53.762603440519669     
   5.9499999999999869        53.879741193628824     
   5.9999999999999867        54.017084481852351     
   6.0499999999999865        54.174684810534785     
   6.0999999999999863        54.352601281648511     
   6.1499999999999861        54.550900615957687     
   6.1999999999999860        54.769657178039324     
   6.2499999999999858        55.008953004170870     
   6.2999999999999856        55.268877833094784     
   6.3499999999999854        55.549529139671598     
   6.3999999999999853        55.851012171434157     
   6.4499999999999851        56.173439988056664     
   6.4999999999999849        56.516933503753386     
   6.5499999999999847        56.881621532622901     
   6.5999999999999845        57.267640836954911     
   6.6499999999999844        57.675136178517690     
   6.6999999999999842        58.104260372845452     
   6.7499999999999840        58.555174346545961     
   6.7999999999999838        59.028047197649911     
   6.8499999999999837        59.523056259024663     
   6.8999999999999835        60.040387164876144     
   6.9499999999999833        60.580233920363867     
   6.9999999999999831        61.142798974355138     
   7.0499999999999829        61.728293295345750     
   7.0999999999999828        62.336936450575656     
   7.1499999999999826        62.968956688369239     
   7.1999999999999824        63.624591023731128     
   7.2499999999999822        64.304085327229615     
   7.2999999999999821        65.007694417200966     
   7.3499999999999819        65.735682155309348     
   7.3999999999999817        66.488321545497982     
   7.4499999999999815        67.265894836368858     
   7.4999999999999813        68.068693627029276     
   7.5499999999999812        68.897018976444940     
   7.5999999999999810        69.751181516340552     
   7.6499999999999808        70.631501567690435     
   7.6999999999999806        71.538309260842567     
   7.7499999999999805        72.471944659321423     
   7.7999999999999803        73.432757887355706     
   7.8499999999999801        74.421109261179097     
   7.8999999999999799        75.437369424153047     
   7.9499999999999797        76.481919485762390     
   7.9999999999999796        77.555151164535886     
   8.0499999999999794        78.657466934945219     
   8.0999999999999801        79.789280178337705     
   8.1499999999999808        80.951015337959106     
   8.1999999999999815        82.143108078124854     
   8.2499999999999822        83.366005447599250     
   8.2999999999999829        84.620166047244041     
   8.3499999999999837        85.906060201999068     
   8.3999999999999844        87.224170137259691     
   8.4499999999999851        88.574990159716933     
   8.4999999999999858        89.959026842728292     
   8.5499999999999865        91.376799216288731     
   8.5999999999999872        92.828838961672957     
   8.6499999999999879        94.315690610822173     
   8.6999999999999886        95.837911750549964     
   8.7499999999999893        97.396073231643840     
   8.7999999999999901        98.990759382941022     
   8.8499999999999908        100.62256823045860     
   8.8999999999999915        102.29211172166029     
   8.9499999999999922        104.00001595494396     
   8.9999999999999929        105.74692141443582     
   9.0499999999999936        107.53348321017950     
   9.0999999999999943        109.36037132381001     
   9.1499999999999950        111.22827085980475     
   9.1999999999999957        113.13788230240564     
   9.2499999999999964        115.08992177830902     
   9.2999999999999972        117.08512132522149     
   9.3499999999999979        119.12422916638270     
   9.3999999999999986        121.20800999115781     
   9.4499999999999993        123.33724524180496     
   9.5000000000000000        125.51273340652534     
   9.5500000000000007        127.73529031890558     
   9.6000000000000014        130.00574946386493     
   9.6500000000000021        132.32496229022192     
   9.7000000000000028        134.69379852999757     
   9.7500000000000036        137.11314652457523     
   9.8000000000000043        139.58391355783891     
   9.8500000000000050        142.10702619641543     
   9.9000000000000057        144.68343063714775     
   9.9500000000000064        147.31409306192995     
   10.000000000000007        150.00000000003672     
