   0.0000000000000000        21.093730707313963     
  0.20000000298023224        20.923051570895456     
  0.40000000596046448        20.599728961385615     
  0.60000000894069672        20.186314353253774     
  0.80000001192092896        19.704481279914653     
   1.0000000149011612        19.168098564150661     
   1.2000000178813934        18.587563835546945     
   1.4000000208616257        17.971360880427653     
   1.6000000238418579        17.326783552085924     
   1.8000000268220901        16.660325497361228     
   2.0000000298023224        15.977911435854800     
   2.2000000327825546        15.285044364450927     
   2.4000000357627869        14.586904350952963     
   2.6000000387430191        13.888417657144151     
   2.8000000417232513        13.194306756551825     
   3.0000000447034836        12.509127546406294     
   3.2000000476837158        11.837297685624812     
   3.4000000506639481        11.183118608239196     
   3.6000000536441803        10.550792919587090     
   3.8000000566244125        9.9444383507988636     
   4.0000000596046448        9.3680991006982062     
   4.2000000625848770        8.8257551623911716     
   4.4000000655651093        8.3213300729206097     
   4.6000000685453415        7.8586974131399572     
   4.8000000715255737        7.4416863056295082     
   5.0000000745058060        7.0740861009298008     
   5.2000000774860382        6.7596503999771329     
   5.4000000804662704        6.5021005289661282     
   5.6000000834465027        6.3051285589166595     
   5.8000000864267349        6.1723999438972212     
   6.0000000894069672        6.1075558376836323     
   6.2000000923871994        6.1142151375616312     
   6.4000000953674316        6.1959762952560098     
   6.6000000983476639        6.3564189280325589     
   6.8000001013278961        6.5991052574616438     
   7.0000001043081284        6.9275813988467263     
   7.2000001072883606        7.3453785206759026     
   7.4000001102685928        7.8560138904728944     
   7.6000001132488251        8.4629918209703963     
   7.8000001162290573        9.1698045284980658     
   8.0000001192092896        9.9799329137878807     
   8.2000001221895218        10.896847273986571     
   8.4000001251697540        11.924007953477451     
   8.6000001281499863        13.064865940111652     
   8.8000001311302185        14.322863412598936     
   9.0000001341104507        15.701434244084863     
   9.2000001370906830        17.204004466322811     
   9.4000001400709152        18.833992698318998     
   9.6000001430511475        20.594810542872118     
