  -1.0000000000000000        7.6923076923076927E-002
 -0.98019801980198018       0.57162248814851857     
 -0.94059405940594054       0.88046240292492206     
 -0.88118811881188108       0.59662872893441188     
 -0.80198019801980192       0.12263652853411591     
 -0.70297029702970293        2.1018847013844918E-002
 -0.58415841584158412       0.21181391625335569     
 -0.44554455445544550       0.31923696023174686     
 -0.28712871287128705       0.48039004613454600     
 -0.10891089108910884       0.88616175115222062     
   8.9108910891089188E-002  0.92198437953785650     
  0.30693069306930698       0.44552727346772253     
  0.54455445544554459       0.25958436313256372     
  0.80198019801980203       0.12263652853411636     
   1.0792079207920793       -6.9661667383519799     
   1.3762376237623763       -507.94715218461653     
   1.6930693069306932       -7426.7736242863002     
   2.0297029702970297       -61984.687234480443     
   2.3861386138613860       -374162.86854491074     
   2.7623762376237622       -1813326.5965812234     
   3.1584158415841581       -7474204.4646157324     
   3.5742574257425739       -27161426.490302984     
   4.0099009900990099       -89164949.147321448     
   4.4653465346534658       -269047659.71972924     
   4.9405940594059405       -755912803.64322114     
   5.4356435643564360       -1997279818.4805169     
   5.9504950495049513       -5001931159.7283201     
   6.4851485148514865       -11948511372.095966     
   7.0396039603960414       -27366501653.500813     
   7.6138613861386153       -60357195168.078957     
   8.2079207920792090       -128654202829.97018     
   8.8217821782178234       -265859288897.74899     
   9.4554455445544576       -534038805595.89508     
   10.108910891089112       -1045187390965.0308     
   10.782178217821786       -1997087077476.9443     
   11.475247524752479       -3732135165695.7910     
   12.188118811881193       -6832236569713.7334     
   12.920792079207926       -12269483851863.314     
   13.673267326732679       -21641941415555.828     
   14.445544554455452       -37537576880153.633     
   15.237623762376245       -64088811826936.102     
   16.049504950495056       -107807386734442.75     
   16.881188118811888       -178827013847575.38     
   17.732673267326739       -292733249433556.75     
   18.603960396039611       -473230868225505.69     
   19.495049504950501       -755994861985189.38     
   20.405940594059413       -1194179836281671.5     
   21.336633663366342       -1866234030320559.5     
   22.287128712871294       -2886891100785131.0     
   23.257425742574263       -4422511169756746.0     
   24.247524752475254       -6712332484467023.0     
   25.257425742574263       -10097701393543438.     
   26.287128712871294       -15062002288335540.     
   27.336633663366342       -22284849109754520.     
   28.405940594059413       -32715173267449248.     
   29.495049504950501       -47669207307861920.     
   30.603960396039611       -68961090124000912.     
   31.732673267326739       -99075993896069600.     
   32.881188118811885       -1.4139839940448221E+017
   34.049504950495056       -2.0051155049346170E+017
   35.237623762376245       -2.8258835133819888E+017
   36.445544554455452       -3.9589921279395200E+017
   37.673267326732677       -5.5146882268930042E+017
   38.920792079207928       -7.6392176690450586E+017
   40.188118811881196       -1.0525666690497841E+018
   41.475247524752483       -1.4427804082420004E+018
   42.782178217821787       -1.9677684437972928E+018
   44.108910891089117       -2.6707948251291715E+018
   45.455445544554465       -3.6079966846997806E+018
   46.821782178217831       -4.8519235923042202E+018
   48.207920792079214       -6.4959728971553987E+018
   49.613861386138623       -8.6599290404120945E+018
   51.039603960396050       -1.1496858878024511E+019
   52.485148514851495       -1.5201667579959669E+019
   53.950495049504958       -2.0021682134475698E+019
   55.435643564356447       -2.6269703579993305E+019
   56.940594059405953       -3.4340056765687947E+019
   58.465346534653477       -4.4728269952155009E+019
   60.009900990099020       -5.8055138484937884E+019
   61.574257425742587       -7.5096070062140228E+019
   63.158415841584173       -9.6816777153427816E+019
   64.762376237623783       -1.2441657877115049E+020
   66.386138613861405       -1.5938080344395088E+020
   68.029702970297052       -2.0354405290402562E+020
   69.693069306930710       -2.5916639735613882E+020
   71.376237623762393       -3.2902493469675769E+020
   73.079207920792101       -4.1652356499508042E+020
   74.801980198019820       -5.2582431618726566E+020
   76.544554455445564       -6.6200411658681057E+020
   78.306930693069333       -8.3124155497927161E+020
   80.089108910891113       -1.0410389115681309E+021
   81.891089108910919       -1.3004855961574378E+021
   83.712871287128735       -1.6205701086088384E+021
   85.554455445544576       -2.0145487575155682E+021
   87.415841584158443       -2.4983806549104609E+021
   89.297029702970320       -3.0912399685991153E+021
   91.198019801980223       -3.8161180827548758E+021
   93.118811881188151       -4.7005302178003980E+021
   95.059405940594090       -5.7773432213744522E+021
   97.019801980198054       -7.0857436956646850E+021
   99.000000000000028       -8.6723684084999017E+021
