  -1.0000000000000000        7.6923076923076927E-002
 -0.97999999999999998        7.7464979869255324E-002
 -0.95999999999999996        7.9019995382150404E-002
 -0.93999999999999995        8.1482083473301964E-002
 -0.92000000000000004        8.4745204154249826E-002
 -0.90000000000000002        8.8703317436533827E-002
 -0.88000000000000000        9.3250383331693790E-002
 -0.85999999999999999        9.8280361851269496E-002
 -0.83999999999999997       0.10368721300680080     
 -0.82000000000000006       0.10936489680982747     
 -0.80000000000000004       0.11520737327188939     
 -0.78000000000000003       0.12113720539266017     
 -0.76000000000000001       0.12719136812434875     
 -0.73999999999999999       0.13343543940729791     
 -0.71999999999999997       0.13993499718185043     
 -0.69999999999999996       0.14675561938834897     
 -0.67999999999999994       0.15396288396713642     
 -0.65999999999999992       0.16162236885855552     
 -0.64000000000000001       0.16979965200294894     
 -0.62000000000000000       0.17856031134065953     
 -0.59999999999999998       0.18796992481203009     
 -0.58000000000000007       0.19810435042707547     
 -0.56000000000000005       0.20908056647449971     
 -0.54000000000000004       0.22102583131267872     
 -0.52000000000000002       0.23406740329998865     
 -0.50000000000000000       0.24833254079480563     
 -0.47999999999999998       0.26394850215550558     
 -0.45999999999999996       0.28104254574046472     
 -0.43999999999999995       0.29974192990805903     
 -0.42000000000000004       0.32017391301666454     
 -0.40000000000000002       0.34246575342465752     
 -0.38000000000000000       0.36672471201827594     
 -0.35999999999999999       0.39297805979520622     
 -0.33999999999999997       0.42123307028099655     
 -0.31999999999999995       0.45149701700119543     
 -0.30000000000000004       0.48377717348135107     
 -0.28000000000000003       0.51808081324701205     
 -0.26000000000000001       0.55441520982372672     
 -0.23999999999999999       0.59278763673704327     
 -0.21999999999999997       0.63320536751251011     
 -0.19999999999999996       0.67567567567567577     
 -0.18000000000000005       0.71999096406283680     
 -0.16000000000000003       0.76508415275328501     
 -0.14000000000000001       0.80967329113706021     
 -0.12000000000000000       0.85247642860420247     
  -9.9999999999999978E-002  0.89221161454475173     
  -7.9999999999999960E-002  0.92759689834874759     
  -6.0000000000000053E-002  0.95735032940623033     
  -4.0000000000000036E-002  0.98018995710724022     
  -2.0000000000000018E-002  0.99483383084181676     
   0.0000000000000000        1.0000000000000000     
   2.0000000000000018E-002  0.99483383084181676     
   4.0000000000000036E-002  0.98018995710724022     
   6.0000000000000053E-002  0.95735032940623044     
   8.0000000000000071E-002  0.92759689834874748     
  0.10000000000000009       0.89221161454475162     
  0.12000000000000011       0.85247642860420236     
  0.13999999999999990       0.80967329113706055     
  0.15999999999999992       0.76508415275328545     
  0.17999999999999994       0.71999096406283702     
  0.19999999999999996       0.67567567567567577     
  0.21999999999999997       0.63320536751251022     
  0.23999999999999999       0.59278763673704338     
  0.26000000000000001       0.55441520982372672     
  0.28000000000000003       0.51808081324701205     
  0.30000000000000004       0.48377717348135102     
  0.32000000000000006       0.45149701700119532     
  0.34000000000000008       0.42123307028099638     
  0.36000000000000010       0.39297805979520606     
  0.37999999999999989       0.36672471201827611     
  0.39999999999999991       0.34246575342465768     
  0.41999999999999993       0.32017391301666470     
  0.43999999999999995       0.29974192990805909     
  0.45999999999999996       0.28104254574046472     
  0.47999999999999998       0.26394850215550564     
  0.50000000000000000       0.24833254079480560     
  0.52000000000000002       0.23406740329998868     
  0.54000000000000004       0.22102583131267872     
  0.56000000000000005       0.20908056647449971     
  0.58000000000000007       0.19810435042707547     
  0.60000000000000009       0.18796992481203004     
  0.62000000000000011       0.17856031134065947     
  0.63999999999999990       0.16979965200294900     
  0.65999999999999992       0.16162236885855549     
  0.67999999999999994       0.15396288396713642     
  0.69999999999999996       0.14675561938834900     
  0.71999999999999997       0.13993499718185043     
  0.73999999999999999       0.13343543940729791     
  0.76000000000000001       0.12719136812434878     
  0.78000000000000003       0.12113720539266017     
  0.80000000000000004       0.11520737327188939     
  0.82000000000000006       0.10936489680982747     
  0.84000000000000008       0.10368721300680077     
  0.86000000000000010        9.8280361851269454E-002
  0.87999999999999989        9.3250383331693790E-002
  0.89999999999999991        8.8703317436533854E-002
  0.91999999999999993        8.4745204154249854E-002
  0.93999999999999995        8.1482083473301964E-002
  0.95999999999999996        7.9019995382150404E-002
  0.97999999999999998        7.7464979869255324E-002
   1.0000000000000000        7.6923076923076927E-002
