  0.10000000000000001        9.0360066482162473     
  0.20000000000000001        6.3309033769318219     
  0.30000000000000004        2.4061321584766513     
  0.40000000000000002       -1.9818922952404114     
  0.50000000000000000       -5.9875650886477114     
  0.59999999999999998       -8.8390454765580948     
  0.69999999999999996       -9.9869804693868254     
  0.79999999999999993       -9.2103406199508555     
  0.89999999999999991       -6.6589781648814643     
  0.99999999999999989       -2.8247131643855270     
   1.0999999999999999        1.5534734642770354     
   1.2000000000000000        5.6318643121540823     
   1.3000000000000000        8.6245976862423923     
   1.4000000000000001        9.9550946273531515     
   1.5000000000000002        9.3671423973064272     
   1.6000000000000003        6.9742331346159983     
   1.7000000000000004        3.2376565836066931     
   1.8000000000000005       -1.1224243770672517     
   1.9000000000000006       -5.2657731215039920     
   2.0000000000000004       -8.3940023135690343     
   2.1000000000000005       -9.9044162071930426     
   2.2000000000000006       -9.5061281375503839     
   2.3000000000000007       -7.2760815993995145     
   2.4000000000000008       -3.6441859688673559     
   2.5000000000000009       0.68956160326964655     
   2.6000000000000010        4.8899908544064736     
   2.7000000000000011        8.1477067162192274     
   2.8000000000000012        9.8350544079365392     
   2.9000000000000012        9.6270478732708860     
   3.0000000000000013        7.5639626299028446     
   3.1000000000000014        4.0435375498494839     
   3.2000000000000015      -0.25570455751241550     
   3.3000000000000016       -4.5052346656649451     
   3.4000000000000017       -7.8861876062714593     
   3.5000000000000018       -9.7471536626426989     
   3.6000000000000019       -9.7296859606374895     
   3.7000000000000020       -7.8373420959841269     
   3.8000000000000020       -4.4349616676820869     
   3.9000000000000021      -0.17832605134872104     
   4.0000000000000018        4.1122381590199977     
   4.1000000000000014        7.6099501282498574     
   4.2000000000000011        9.6408933402650021     
   4.3000000000000007        9.8138614624694931     
   4.4000000000000004        8.0957136570746151     
   4.5000000000000000        4.8177241817385212     
   4.5999999999999996       0.61170977231167090     
   4.6999999999999993       -3.7117499888800509     
   4.7999999999999989       -7.3195268840927810     
   4.8999999999999986       -9.5164873817000064     
   4.9999999999999982       -9.8794284654345201     
   5.0999999999999979       -8.3385996993345994     
   5.1999999999999975       -5.1911078460996603     
   5.2999999999999972       -1.0436279627137619     
   5.3999999999999968        3.3045324346041358     
   5.4999999999999964        7.0154769069223946     
   5.5999999999999961        9.3741838707541181     
   5.6999999999999957        9.9262763308248356     
   5.7999999999999954        8.5655522178461503     
   5.8999999999999950        5.5544136531030972     
   5.9999999999999947        1.4732653341928739     
   6.0999999999999943       -2.8913599500510143     
   6.1999999999999940       -6.6983845855913238     
   6.2999999999999936       -9.2142645408857931     
   6.3999999999999932       -9.9543298784848311     
   6.4999999999999929       -8.7761536422146111     
   6.5999999999999925       -5.9069621414625058     
   6.6999999999999922       -1.8998114912052309     
   6.7999999999999918        2.4730176911536850     
   6.8999999999999915        6.3688585420741965     
   6.9999999999999911        9.0370442187013253     
   7.0999999999999908        9.9635495035898050     
   7.1999999999999904        8.9700176040587856     
   7.2999999999999901        6.2480946665100845     
   7.3999999999999897        2.3224624591973373     
   7.4999999999999893       -2.0503000243179055     
   7.5999999999999890       -6.0275304638594944     
   7.6999999999999886       -8.8428702053011605     
   7.7999999999999883       -9.9539312261032347     
   7.8999999999999879       -9.1467896449807711     
   7.9999999999999876       -6.5771746301883383     
   8.0999999999999872       -2.7404221995511531     
   8.1999999999999869        1.6240090184775458     
   8.2999999999999865        5.6750538935806274     
   8.3999999999999861        8.6321215966903750     
   8.4999999999999858        9.9255066728671437     
   8.5999999999999854        9.3061478637198345     
   8.6999999999999851        6.8935886684952390     
   8.7999999999999847        3.1529041084487122     
   8.8999999999999844       -1.1949529236684913     
   8.9999999999999840       -5.3121029782043632     
   9.0999999999999837       -8.4052085445812352     
   9.1999999999999833       -9.8783429924074699     
   9.2999999999999829       -9.4478035013105988     
   9.3999999999999826       -7.1967477941688136     
   9.4999999999999822       -3.5591324968347324     
   9.5999999999999819       0.76394463900625986     
   9.6999999999999815        4.9393711801695828     
   9.7999999999999812        8.1625714590275358     
   9.8999999999999808        9.8125427026635403     
   9.9999999999999805        9.5715014631838624     
