  0.10000000000000001        9.0360066482162473       -18.959733689880370     
  0.20000000000000001        6.3309033769318219       -34.264055934033721     
  0.30000000000000004        2.4061321584766513       -42.964247925777372     
  0.40000000000000002       -1.9818922952404114       -43.384485484030982     
  0.50000000000000000       -5.9875650886477114       -35.444634914336127     
  0.59999999999999998       -8.8390454765580948       -20.675531719795345     
  0.69999999999999996       -9.9869804693868254       -1.9238293767193433     
  0.79999999999999993       -9.2103406199508555        17.196675502754097     
  0.89999999999999991       -6.6589781648814643        33.001487951745943     
  0.99999999999999989       -2.8247131643855270        42.445411718588559     
   1.0999999999999999        1.5534734642770354        43.709283182249088     
   1.2000000000000000        5.6318643121540823        36.550393024658092     
   1.3000000000000000        8.6245976862423923        22.349094682974460     
   1.4000000000000001        9.9550946273531515        3.8426492823457430     
   1.5000000000000002        9.3671423973064272       -15.402373853013508     
   1.6000000000000003        6.9742331346159983       -31.677447782225961     
   1.7000000000000004        3.2376565836066931       -41.846723168217572     
   1.8000000000000005       -1.1224243770672517       -43.951237535854965     
   1.9000000000000006       -5.2657731215039920       -37.586280729509198     
   2.0000000000000004       -8.3940023135690343       -23.979222649852154     
   2.1000000000000005       -9.9044162071930426       -5.7528366825613091     
   2.2000000000000006       -9.5061281375503839        13.580242313238880     
   2.3000000000000007       -7.2760815993995145        30.294481773664785     
   2.4000000000000008       -3.6441859688673559        41.169370814155457     
   2.5000000000000009       0.68956160326964655        44.109950386571242     
   2.6000000000000010        4.8899908544064736        38.550390058478712     
   2.7000000000000011        8.1477067162192274        25.562865651424580     
   2.8000000000000012        9.8350544079365392        7.6507874450965012     
   2.9000000000000012        9.6270478732708860       -11.733744618197946     
   3.0000000000000013        7.5639626299028446       -28.855245827545343     
   3.1000000000000014        4.0435375498494839       -40.414691023677896     
   3.2000000000000015      -0.25570455751241550       -44.185181188573658     
   3.3000000000000016       -4.5052346656649451       -39.440950065886696     
   3.4000000000000017       -7.8861876062714593       -27.097063753589268     
   3.5000000000000018       -9.7471536626426989       -9.5329231381230102     
   3.6000000000000019       -9.7296859606374895        9.8663880825033630     
   3.7000000000000020       -7.8373420959841269        27.362500300723664     
   3.8000000000000020       -4.4349616676820869        39.584165360550600     
   3.9000000000000021      -0.17832605134872104        44.176847350610664     
   4.0000000000000018        4.1122381590199977        40.256330080089199     
   4.1000000000000014        7.6099501282498574        28.578952587209059     
   4.2000000000000011        9.6408933402650021        11.395697775218974     
   4.3000000000000007        9.8138614624694931       -7.9817169406023929     
   4.4000000000000004        8.0957136570746151       -25.819104713726496     
   4.5000000000000000        4.8177241817385212       -38.679417681188625     
   4.5999999999999996       0.61170977231167090       -44.085024279341269     
   4.6999999999999993       -3.7117499888800509       -40.995042685342902     
   4.7999999999999989       -7.3195268840927810       -30.005768693608509     
   4.8999999999999986       -9.5164873817000064       -13.235604494196643     
   4.9999999999999982       -9.8794284654345201        6.0833056217417329     
   5.0999999999999979       -8.3385996993345994        24.228012275405156     
   5.1999999999999975       -5.1911078460996603        37.702210963952638     
   5.2999999999999972       -1.0436279627137619        43.909945124022556     
   5.3999999999999968        3.3045324346041358        41.655746430784376     
   5.4999999999999964        7.0154769069223946        31.374854675531139     
   5.5999999999999961        9.3741838707541181        15.049182157216372     
   5.6999999999999957        9.9262763308248356       -4.1747519726645592     
   5.7999999999999954        8.5655522178461503       -22.592264234425262     
   5.8999999999999950        5.5544136531030972       -36.654443877765203     
   5.9999999999999947        1.4732653341928739       -43.652000223242602     
   6.0999999999999943       -2.8913599500510143       -42.237248261598680     
   6.1999999999999940       -6.6983845855913238       -32.683664143961273     
   6.2999999999999936       -9.2142645408857931       -16.833021859768984     
   6.3999999999999932       -9.9543298784848311        2.2596704408860511     
   6.4999999999999929       -8.7761536422146111        20.914984068391576     
   6.5999999999999925       -5.9069621414625058        35.538147096718589     
   6.6999999999999922       -1.8998114912052309        43.311736254957069     
   6.7999999999999918        2.4730176911536850        42.738505667980647     
   6.8999999999999915        6.3688585420741965        33.929766451606419     
   6.9999999999999911        9.0370442187013253        18.583773336289369     
   7.0999999999999908        9.9635495035898050      -0.34168523145955731     
   7.1999999999999904        8.9700176040587856       -19.199371521706833     
   7.2999999999999901        6.2480946665100845       -34.355479367821005     
   7.3999999999999897        2.3224624591973373       -42.889855091647981     
   7.4999999999999893       -2.0503000243179055       -43.158628548028879     
   7.5999999999999890       -6.0275304638594944       -35.110851204246174     
   7.6999999999999886       -8.8428702053011605       -20.298151250368271     
   7.7999999999999883       -9.9539312261032347       -1.5755765498138850     
   7.8999999999999879       -9.1467896449807711        17.448696503540987     
   7.9999999999999876       -6.5771746301883383        33.108723339489480     
   8.0999999999999872       -2.7404221995511531        42.387212362978772     
   8.1999999999999869        1.6240090184775458        43.496880781255619     
   8.2999999999999865        5.6750538935806274        36.224732541579698     
   8.3999999999999861        8.6321215966903750        21.972941357756220     
   8.4999999999999858        9.9255066728671437        3.4884917537636468     
   8.5999999999999854        9.3061478637198345       -15.666292857543578     
   8.6999999999999851        6.8935886684952390       -31.800281158844371     
   8.7999999999999847        3.1529041084487122       -41.804815728871034     
   8.8999999999999844       -1.1949529236684913       -43.752681509945113     
   8.9999999999999840       -5.3121029782043632       -37.269353179645357     
   9.0999999999999837       -8.4052085445812352       -23.605006530601969     
   9.1999999999999833       -9.8783429924074699       -5.3934480328540069     
   9.2999999999999829       -9.4478035013105988        13.855552015166396     
   9.3999999999999826       -7.1967477941688136        30.432669846291788     
   9.4999999999999822       -3.5591324968347324        41.143822866473741     
   9.5999999999999819       0.76394463900625986        43.925606126147393     
   9.6999999999999815        4.9393711801695828        38.242788207342571     
   9.7999999999999812        8.1625714590275358        25.191292631638795     
   9.8999999999999808        9.8125427026635403        7.2868506608868771     
   9.9999999999999805        9.5715014631838624       -12.019916544674697     
