   20                                             <--  ndata
   9.0909090909090912E-002   1.0000000000000000   <--| data: x_i, y_i  
  0.18181818181818182        1.0000000000000000     
  0.27272727272727271        1.0000000000000000     
  0.36363636363636365        1.0000000000000000     
  0.45454545454545459        1.0000000000000000     
  0.54545454545454541        1.0000000000000000     
  0.63636363636363635        1.0000000000000000     
  0.72727272727272729        1.0000000000000000     
  0.81818181818181823        1.0000000000000000     
  0.90909090909090917        1.0000000000000000     
   1.0909090909090908       -1.0000000000000000     
   1.1818181818181819       -1.0000000000000000     
   1.2727272727272727       -1.0000000000000000     
   1.3636363636363638       -1.0000000000000000     
   1.4545454545454546       -1.0000000000000000     
   1.5454545454545454       -1.0000000000000000     
   1.6363636363636362       -1.0000000000000000     
   1.7272727272727273       -1.0000000000000000     
   1.8181818181818183       -1.0000000000000000     
   1.9090909090909092       -1.0000000000000000   <--|
   0.001                                          <--  tol
   
