1000                <--- N=cantidad de datos
11.66495690641912   <--| Inicio de los datos 
5.909316513815574      |
12.557642529075745     |
16.84634915377538
25.54928867092292
16.998049136785507
10.712139788552143
12.112727802382949
16.863201691673865
13.289783272382541
11.951911420153696
7.801685559564632
32.713839687851376
12.526068730877386
25.775352692376252
31.61158496299916
16.821628160765574
8.238856372614773
10.466301394920704
13.344401938900102
23.007040677574235
21.223638279309103
22.832655876929632
16.79135423436898
26.79186400538482
13.700279583215869
19.992908097284253
11.253022215846965
21.53549560242746
22.720629942912755
13.824144594995404
8.6988987026208
5.355108001639511
12.908983254154805
6.723602650616581
27.7659044572017
11.620370946641515
22.6774701441124
31.507434434688992
11.62828630898466
12.278313239639035
8.432269625921391
14.342147159301454
11.910855330954314
21.51077210723291
12.532071612068298
19.088908028870417
3.4987455550401196
25.064908753823318
30.320973906883342
13.105235811089363
17.32937996559211
11.536047377275574
11.53765540128509
28.482625297164173
5.257024606123855
38.127060394911275
16.34653546589083
11.662906891152614
12.87942323935541
16.90953724127075
14.180861193660348
25.23068091825749
11.204620870790926
24.994604064730478
15.421532421365677
16.508708546541932
22.178147576624582
17.259932733055543
20.873798053451512
9.65039985855886
17.391776654026756
18.815310308193837
4.913077577885384
12.667819537605116
5.775668581591525
21.257985673582247
18.016717596748837
20.373987601118873
16.432523756165843
21.006346837066317
12.308960697613006
13.04003429596245
31.49888630457357
24.345530333773656
5.256848078430725
22.498161450979946
21.724534760060138
15.903590890774206
6.469761601512096
12.46675290549017
22.204324247835476
23.90872355796549
19.133487243227208
9.23665928239526
24.26732872478519
10.485588384874914
7.804381347312573
26.27853388624054
15.581502157708197
15.022420463734917
11.845879339820012
16.513226149761397
4.686729970526363
15.861642048886873
15.424004981769446
8.175651074769426
16.85357064468141
31.740082161613408
24.877464462953704
14.466919596341091
16.08861990528548
7.963280435451968
15.597857834540955
18.07764516565918
18.259290374126245
16.532951303626998
28.09097176898245
7.531550607332719
8.764417169334589
25.00405011268116
9.476013684896055
26.812682400091536
9.023961849241866
22.81188824291108
12.908829526106402
30.66621555808541
33.04444795427328
8.327053916463226
8.134627491046533
10.830190602828184
13.374438180880036
8.697261844893237
19.687083979751637
6.279308001521569
13.262815672428546
7.277161238457521
17.143578299950697
25.432429353525617
12.766174865889415
11.545480265138632
9.211464511007835
12.075669306542457
19.02994123123642
20.70298324217498
21.128282256869216
12.333248098126711
19.00441140493634
11.630387603249215
17.18634077210471
20.058344723577214
19.727827916055833
16.300374942759056
20.363498368215822
26.323268470634964
19.487442458019594
15.185844304509812
11.26336782787343
10.127223864936095
22.965435995235715
14.668936734766952
10.150823763005318
9.174982057204511
11.397217335045294
23.389919364471304
32.96119114870811
34.41946050952879
19.372075901672165
25.042731633192595
16.012239560115237
17.82756395345017
10.224960377992117
21.809184835478252
15.63059832118461
8.200254414852811
16.71768591093756
10.86160893771264
9.540804821260455
9.778142499196525
7.8794980227658264
18.480807627563227
10.611736762201264
16.53030765044502
6.063585484120276
16.486461819148136
12.645101163156482
16.964065008417446
30.97564430302392
14.826740100991746
12.237754593321316
15.515901709007224
16.619838949989063
17.558672522124372
10.195720275745133
21.933180895296132
35.74405532071065
17.528080582588622
4.36580242834289
26.798491333146853
27.942395993793735
17.570465652020907
19.568064246232243
14.213228787515996
19.81688103848355
8.519688328222744
10.426980187264741
10.47048526170238
19.58549517794585
9.517540833617877
8.678437608700868
5.048200486283638
5.922911326370996
8.42613693211242
18.37636276793787
13.278536199764416
17.35881248074586
9.125469248293946
17.068398115831517
18.32525618587209
9.772748896386837
20.425516218101283
11.54686519653628
20.407393399415604
8.958802295601243
12.36069601823556
5.375756275255869
28.171108216188728
20.14819383356955
14.273165524461366
16.12593058182543
7.406399858160495
23.73628162873178
4.904536547729543
26.240046753399586
17.242560765996448
7.613137910448795
21.723873561178088
15.692616302299585
16.718840129169806
24.016870854001635
32.474925017792046
15.095075091467944
21.912860521695592
8.969212153042463
10.482118350906534
14.324784492494583
5.858214087427857
18.934345667034204
11.931959749575853
19.252197617557275
7.269676615948035
18.2999315170679
15.053062984490106
10.736286176138352
10.754410332531448
12.488712177283931
10.134263286820499
18.23252767948456
24.343228899294246
26.794392087225706
6.034641660483178
21.572858947013735
8.93288103149267
23.56712378802391
10.529013007758182
12.801354390537664
9.214650585098974
17.80155697450775
10.389203012229299
27.630734629660857
7.079613463862093
21.724633967097397
4.007133224161742
23.10926866745846
8.919776154009886
21.587738846411916
30.187275248515416
25.720741635398102
20.330769500940193
9.380390369844587
11.61859862002967
22.414390526114605
11.764967067233592
16.781665448323523
9.217604676889463
16.333356392953092
17.353820597326486
22.057873004118758
25.476101773909065
19.265695852651024
24.38567112485839
12.626496216588142
4.825063704804096
30.82681650177466
13.872415911917727
14.796460155560606
14.238082190534293
16.513304622460637
14.04084798753257
5.581110752953607
28.063930184241432
16.165865732228745
15.966093801669256
12.35718185116773
7.353855659279763
15.998509487402554
8.399064578317263
17.572545662022364
25.336573473644936
13.759663967243036
6.587870681235522
15.498388401496161
17.248263617290817
21.55209671609431
11.428470340303635
19.939213560600397
12.176766764970283
24.080620266314938
20.15808198062414
18.475444066344853
17.067089099238814
12.498932630727332
8.164185924990933
10.74734874850761
13.910306609355041
4.581435873941868
9.029807645923947
17.323070210820337
15.844201260143173
6.138105472968284
25.992522653511685
10.707715007245328
11.074523963627755
11.320746195515104
22.452124346243085
17.072390163837404
17.88522359147156
13.535477489510708
11.651617208213255
2.8313205198145526
17.443382199832623
7.019741659637344
19.7452778353849
22.876352174151933
19.575327391895772
17.37655455232838
11.235945507917402
17.83119043750351
17.47820843018278
14.955756796050219
6.263080967364372
19.352383317386586
12.166162884227937
12.243553120654763
6.1524754128840655
8.776150728122962
10.437094155074133
13.897326925302215
22.801957284155357
8.348392741873319
8.37903180413844
11.08680860901327
17.311075861031988
23.327987609984177
15.686051552635275
14.093887747126846
15.009675923133111
8.810038643685239
2.4633626573798417
19.162635121635272
30.05907497187974
9.794673823038288
14.035368710644294
28.047473269247053
8.624216354466101
27.875908899572
6.100980392522165
24.100953385764797
19.115629731729907
23.623650525641946
12.077436085501226
12.699893043873539
4.9510940416298315
12.959715406579331
15.968954523586609
13.727945624132264
2.983084690295722
20.056385937043387
27.284556874134868
12.586435237629823
13.744463851710382
31.60747251665999
18.16105648033032
19.226101310876153
18.639121031165086
11.000126665810459
15.524521297042988
9.553430137362707
20.987729808044755
16.998319809038943
10.715266120463369
27.461344274736266
18.86562087523804
6.967140309201988
12.253117581954823
17.392647824267417
16.54641086406835
12.89533147105916
22.209215629606433
5.646455612753333
7.245038022258241
14.730116188648818
9.927302080230463
13.861299358472493
13.33565142540821
16.403223944579633
24.296337825979204
24.631294985618748
18.466993509357476
14.408569337438301
7.068486682214662
15.842544799185044
9.094093440738781
39.40976898343653
20.32977066128113
9.812774096561226
17.199488353013354
23.194380970266053
15.290878304941996
32.29725506459335
13.114073335133893
12.111935910441279
11.449201549611551
18.58375705062043
11.179633958552719
7.850371625866343
18.48536014963063
23.317264329366363
13.599676239066378
9.955551216724166
23.392102500988614
25.084953427094923
14.891417340060334
22.450103986222082
10.285591823258265
7.366872984209484
24.580055691718137
17.304221022921865
32.66865534751684
16.75870436863183
21.9081493672023
31.987954537566342
4.84788066814602
6.442223895800837
20.31752161596982
33.78889819508836
18.87698679105464
16.001298827055844
28.274532065031515
26.601067887860452
8.246661388693518
13.854291023892712
11.11114860346535
10.54399640563209
9.849555756896109
10.187907059698158
20.67820675941477
9.194959883218347
26.977791197041718
25.82859096974863
30.235956879319794
26.500710297669265
17.760070377746807
22.916667403312463
9.869214433098156
9.598404441745956
6.496356554578271
15.154857061157525
29.326803089282084
17.795323818745725
11.58904012550887
6.68849218386108
22.50707547771901
15.88806203925458
13.608530567640997
16.694359670607632
11.931296027180876
35.93439196617213
11.262166075763716
5.06553589825903
8.676563926416142
18.15540609973825
14.916917150659458
14.580231990963858
24.428537880513574
18.507483873116968
22.850969063889856
19.571488600519594
0.5842135140744558
18.122843558523034
11.155989639744439
25.08627917133982
24.561926174813323
22.986873440067246
19.855457174330173
21.93167621062484
10.703164153984805
9.389641948044966
10.234266880924068
18.323948390342835
16.441239091760387
17.545426588837337
19.434156539987562
7.073258648283301
18.231065470402665
7.65111103794239
18.912091013309343
20.6632076638437
20.944858256908212
25.303244549661592
19.88809294369943
12.57343108769754
12.836206279648007
11.569243442331201
15.107811623316353
7.898785424909653
7.2869144170020785
10.832331073988945
8.450222552710205
13.160303289916184
12.297209421337937
19.347337184118636
9.596408663665185
16.801914776093778
13.591459236672282
17.47431028682726
10.186924536981047
32.02996873658675
13.616670037781114
10.246355839416973
6.96775073446593
23.265159424101185
10.088653038295735
7.338619032114259
22.70951517605123
48.063670230368935
12.271009375272767
23.787539616039876
16.764247331202316
19.839324835030265
14.497703853960125
25.040622717969306
8.763723585673421
8.616072536394698
21.527631604454818
17.770303034287483
22.649015979378778
9.81160759022006
12.790483239010268
8.74397332105345
15.154331275226488
32.9718742958304
6.866169275148337
39.03108875349594
22.147186091988928
8.148727453768787
24.322547312043362
14.521969123785277
28.10725190592274
23.1419763061352
11.800740426139686
26.719620210862054
7.64627470919466
29.121105022797018
10.399920981157978
7.179063950228059
13.161579398521525
20.58166816820398
28.83272164301316
25.92422310773173
22.14465172417143
28.469429293981584
10.20092536935854
13.522451319858941
16.850277272168213
4.728001101111649
14.700551025418967
18.371297665299842
20.21496936678862
3.214663786442577
17.06981881859513
18.921633428975248
18.044193817817128
24.879823337023467
7.7381769937027
16.53828475054542
15.710642555209118
14.061549183386687
14.94683465673569
15.69601976335947
15.272276159309433
30.04234350773872
8.719447397198072
16.315778057423685
26.09789016039149
9.507895011449023
23.66354328697661
13.607560584784217
11.604868951460592
31.203537877388843
15.80642712327434
15.311872092449944
28.517914664993043
16.817031087560302
12.500819405518765
10.69637469997038
19.51302686177164
27.057597701230502
17.277570552156185
17.169950661200303
17.29499048492172
10.069874878348148
22.21500302603531
20.748102473471135
20.097606089455773
6.393753821841802
27.131354836700527
8.313187219937882
7.685178073248124
11.81960106159234
25.618061075464677
26.628323840939572
10.8150484631325
19.289037141968333
12.907395582696074
15.460663750142977
12.968968459269496
20.30397379928673
7.414116311192457
11.277353656357766
19.413092801471134
12.932743046590975
31.886890849173916
11.618271624476762
32.048007570159896
23.299939419123262
26.880940443483148
21.668453655612957
18.04036392150854
12.846009014265194
18.406466421309986
19.536551266650683
19.261937351579817
17.235667398664877
12.308189607649856
17.558901491573316
15.852652037030579
34.06144657867776
25.491806477981736
32.19850143943234
19.356069482124955
16.143582215197565
24.058397163096007
22.71223830852446
13.18456120474431
25.42264809402382
49.818784541248945
18.047134800416345
27.87233250767497
16.637111828940974
19.125028149135314
14.023933304126551
19.5563245218563
24.78618182201488
14.970221542182696
6.918392088840569
13.6475619404092
36.01562571068686
23.88318601289487
23.81855451967489
18.21498443574663
7.934265228773577
14.837367556618464
7.0130465210754815
26.663177979035208
20.601591011547868
21.89774186922818
12.44244844414756
23.129575274068902
13.103182813000819
28.22628907208868
12.582270918126945
11.502131765094145
14.79943074625511
15.774471293086817
20.24269955306823
7.561935855955686
26.43080634147695
5.374652414580861
21.962600772987095
13.899618042047093
16.907624168972717
31.259078844317127
31.419943172573976
20.174798524558234
20.41127725923855
24.12918420747969
16.352887093523204
16.69867840427869
30.27336970984493
10.415628517352054
23.361720942420206
12.672763782480073
14.051389887713576
8.332127829676388
16.020565298750267
29.28325964465247
10.997993066864284
14.261345848579754
6.405909591144362
23.72306262166574
12.256216144413104
20.92373586000596
21.400321886717162
14.489747380893789
15.023998917113785
10.277259040109016
32.49744139560989
5.624921507829547
23.349255646555008
21.536235110205485
20.560900774415536
15.05989550381431
27.99583584503801
11.666515923952785
19.600572583612788
19.37253153665081
10.619534207516034
29.623645720860196
18.80971077309484
3.287464199943979
15.828497172809056
10.226845368120403
29.577999345836254
19.992715934410906
11.31263976139216
3.5731420625248935
19.53210578380273
16.556685714577096
33.98392395932796
16.8128139994149
11.324732954865729
10.280871451687528
8.302755800645972
13.601292622488472
10.435888300194392
13.286244939459191
13.042042940343283
14.717070794534909
32.45176626982717
7.268605985365621
20.257209758405015
20.394376149494743
22.017614966808484
10.776950494868604
13.593874151343
25.720941519445113
22.30437263350673
16.05426079449982
26.27091342761843
16.75145713492859
8.115553522007385
14.9965090706807
15.088945615404517
17.287358316440695
7.202313766738162
21.203896376474603
14.314678475664058
24.577141807973355
19.377929802473997
25.687531008380194
19.992898929812473
5.458432152023606
13.48709032098859
16.681891209622407
39.60965750056633
13.079591671460971
15.99218603602953
21.604106167674605
24.30889740355563
24.280410993983793
17.046973446936647
5.6076620019363945
14.542240717018432
14.70189492584144
11.399461376459307
8.162174171010586
15.556915348630513
23.52897912122922
19.14367508318878
15.840930233284404
18.260506394278693
19.567386239075244
18.63448713468012
15.225431205770048
17.929961010317722
23.807033401961167
26.465223865982274
30.335274540849085
25.750486148853145
19.268908823564736
21.210850022768224
35.89010401605097
18.1701515025836
37.41156111171065
11.71641310669477
10.676846198435562
4.546339389523513
6.077260290697109
6.932320305126879
7.598731299866832
20.215456916455743
20.896027443629443
11.974469908597873
15.105431336650588
10.712234680751507
7.116651296197814
20.575206540859963
15.028435712809934
23.301915336857082
12.985306625662007
15.463168948314305
7.696378329550023
19.003791858759193
5.595203382958184
9.770034488936817
18.19237415055627
4.050671805810557
18.73674807788495
19.987131980611558
30.708884852579914
25.380853181520663
21.098186132789472
14.642376743172072
21.648213856382885
14.169237456572187
13.103247053403116
17.55897777601815
22.220352466137662
13.019956987092643
17.627188709738274
25.075372940073315
25.45765567876891
14.865002153510765
14.795769839285015
24.31134527710718
20.7106783795537
12.406229527096611
8.180833221456815
28.622256797106406
16.92895916921429
34.72531380501431
17.471310654434653
25.623157340036407
17.6585077524516
6.095226009603966
32.021777522114334
8.52515945971379
14.361726217978077
27.797027120547313
11.915241985543204
8.552969743532213
25.752883486610095
4.011303526471473
23.611301383403593
19.269393557432256
12.061540229720098
20.847576436046865
10.028267747826554
16.23020746907138
7.833360567806583
8.078328031740863
12.210146876994978
31.445067096049982
21.426991684424276
14.057707265432992
19.71652362654499
27.100235937877653
11.463378422407047
14.24330547373826
14.546736094400773
16.094548102288844
27.40303111837013
26.029932538221168
22.615768816515985
19.389489074697575
6.838643255853951
8.818694740482444
11.617994640340608
9.117086343005656
23.74721105362202
12.309581383708155
12.341201242202757
15.617346083734654
22.01421130211349
16.848350431879567
22.698764295314007
18.248038911941965
24.182950783202237
24.69547673637843
7.170150633342108
35.35372934565622
26.00700909153362
23.364688636359094
20.372618747605994
17.361604455235575
7.595819970675027
22.031519330340732
10.403235245600982
22.99800243037538
11.563889199163475
9.137930334383421
13.718880157795551
13.934533679945032
19.62984604739735
24.419946906889084
12.415445435435156
8.193867589486164
19.73586172607883
9.82482541067103
16.625830144331267
10.23633304522271
22.028918113356646
15.180780266517816
9.671376154418665
26.408751775679352
14.82945229409972
18.29363730251126
24.51414293176452
14.351045998706596
30.825136500558305
20.233952332523703
18.84337472790427
43.862309495684435
15.233657959861524
16.418804137244006
12.363666186461895
12.845873267393443
10.520497323157405
16.527893489572254
24.14801716129145
11.411531534889804
14.934282862388141
9.518423941031733
20.08286298747336
11.412469965804325
19.179634694916732
16.698377461952855
29.134464783676872
19.291629377139678
26.534857214194684
5.308382883802723
13.130632641011342
12.612192607958598
17.254872234636924
29.307835441184803
26.452840186414644
21.519517875678762
37.21507968340864
23.434239971676636
9.68030065751504
16.56762456719282
25.555626194977588
29.836584022027317
19.846064665583384
17.415032972158055
21.624049683520745
13.877957872185023
20.121759025885808
15.152094621828649
18.098713186240552
14.636221056341139
16.9152961115216
16.128791923290304
18.253042429585385
8.078980368144414
12.777463915317258
30.036715117651518
9.515560008237337
17.74908043971831
21.46306400946541
16.556805139437632
15.510828039809207
17.23268595768995
7.500766253824659
17.276864381842806
12.467468318771044
17.737561931329974      |
16.637582132445857      |
10.153659434419898   <--| Fin de los datos
